v 0 1 0
v 0 -1 0
v 0.34202 0.939693 0
v 0.315985 0.939693 0.130885
v 0.241845 0.939693 0.241845
v 0.130885 0.939693 0.315985
v -1.49502e-008 0.939693 0.34202
v -0.130885 0.939693 0.315985
v -0.241845 0.939693 0.241845
v -0.315985 0.939693 0.130885
v -0.34202 0.939693 -2.99003e-008
v -0.315985 0.939693 -0.130885
v -0.241845 0.939693 -0.241845
v -0.130885 0.939693 -0.315985
v 4.07855e-009 0.939693 -0.34202
v 0.130885 0.939693 -0.315985
v 0.241845 0.939693 -0.241845
v 0.315985 0.939693 -0.130885
v 0.642788 0.766044 0
v 0.593858 0.766044 0.245984
v 0.454519 0.766044 0.454519
v 0.245984 0.766044 0.593858
v -2.80971e-008 0.766044 0.642788
v -0.245984 0.766044 0.593858
v -0.454519 0.766044 0.454519
v -0.593858 0.766044 0.245984
v -0.642788 0.766044 -5.61943e-008
v -0.593858 0.766044 -0.245984
v -0.454519 0.766044 -0.45452
v -0.245984 0.766044 -0.593858
v 7.66517e-009 0.766044 -0.642788
v 0.245984 0.766044 -0.593858
v 0.45452 0.766044 -0.454519
v 0.593858 0.766044 -0.245984
v 0.866025 0.5 0
v 0.800103 0.5 0.331414
v 0.612372 0.5 0.612372
v 0.331414 0.5 0.800103
v -3.78552e-008 0.5 0.866025
v -0.331414 0.5 0.800103
v -0.612372 0.5 0.612372
v -0.800103 0.5 0.331413
v -0.866025 0.5 -7.57103e-008
v -0.800103 0.5 -0.331414
v -0.612372 0.5 -0.612373
v -0.331413 0.5 -0.800103
v 1.03273e-008 0.5 -0.866025
v 0.331414 0.5 -0.800103
v 0.612373 0.5 -0.612372
v 0.800103 0.5 -0.331414
v 0.984808 0.173648 0
v 0.909844 0.173648 0.37687
v 0.696364 0.173648 0.696364
v 0.37687 0.173648 0.909844
v -4.30473e-008 0.173648 0.984808
v -0.37687 0.173648 0.909844
v -0.696364 0.173648 0.696364
v -0.909844 0.173648 0.376869
v -0.984808 0.173648 -8.60946e-008
v -0.909844 0.173648 -0.37687
v -0.696364 0.173648 -0.696364
v -0.376869 0.173648 -0.909844
v 1.17437e-008 0.173648 -0.984808
v 0.37687 0.173648 -0.909844
v 0.696364 0.173648 -0.696364
v 0.909844 0.173648 -0.37687
v 0.984808 -0.173648 0
v 0.909844 -0.173648 0.37687
v 0.696364 -0.173648 0.696364
v 0.37687 -0.173648 0.909844
v -4.30473e-008 -0.173648 0.984808
v -0.37687 -0.173648 0.909844
v -0.696364 -0.173648 0.696364
v -0.909844 -0.173648 0.376869
v -0.984808 -0.173648 -8.60946e-008
v -0.909844 -0.173648 -0.37687
v -0.696364 -0.173648 -0.696364
v -0.376869 -0.173648 -0.909844
v 1.17437e-008 -0.173648 -0.984808
v 0.37687 -0.173648 -0.909844
v 0.696364 -0.173648 -0.696364
v 0.909844 -0.173648 -0.37687
v 0.866025 -0.5 0
v 0.800103 -0.5 0.331414
v 0.612372 -0.5 0.612372
v 0.331414 -0.5 0.800103
v -3.78552e-008 -0.5 0.866025
v -0.331414 -0.5 0.800103
v -0.612372 -0.5 0.612372
v -0.800103 -0.5 0.331413
v -0.866025 -0.5 -7.57103e-008
v -0.800103 -0.5 -0.331414
v -0.612372 -0.5 -0.612373
v -0.331413 -0.5 -0.800103
v 1.03272e-008 -0.5 -0.866025
v 0.331414 -0.5 -0.800103
v 0.612373 -0.5 -0.612372
v 0.800103 -0.5 -0.331414
v 0.642788 -0.766044 0
v 0.593858 -0.766044 0.245984
v 0.454519 -0.766044 0.454519
v 0.245984 -0.766044 0.593858
v -2.80971e-008 -0.766044 0.642788
v -0.245984 -0.766044 0.593858
v -0.454519 -0.766044 0.454519
v -0.593858 -0.766044 0.245984
v -0.642788 -0.766044 -5.61943e-008
v -0.593858 -0.766044 -0.245984
v -0.454519 -0.766044 -0.45452
v -0.245984 -0.766044 -0.593858
v 7.66517e-009 -0.766044 -0.642788
v 0.245984 -0.766044 -0.593858
v 0.45452 -0.766044 -0.454519
v 0.593858 -0.766044 -0.245984
v 0.34202 -0.939693 0
v 0.315985 -0.939693 0.130885
v 0.241845 -0.939693 0.241845
v 0.130885 -0.939693 0.315985
v -1.49502e-008 -0.939693 0.34202
v -0.130885 -0.939693 0.315985
v -0.241845 -0.939693 0.241845
v -0.315986 -0.939693 0.130885
v -0.34202 -0.939693 -2.99004e-008
v -0.315985 -0.939693 -0.130885
v -0.241845 -0.939693 -0.241845
v -0.130885 -0.939693 -0.315986
v 4.07855e-009 -0.939693 -0.34202
v 0.130886 -0.939693 -0.315985
v 0.241845 -0.939693 -0.241845
v 0.315985 -0.939693 -0.130885
f 3 4 20 19
f 4 5 21 20
f 5 6 22 21
f 6 7 23 22
f 7 8 24 23
f 8 9 25 24
f 9 10 26 25
f 10 11 27 26
f 11 12 28 27
f 12 13 29 28
f 13 14 30 29
f 14 15 31 30
f 15 16 32 31
f 16 17 33 32
f 17 18 34 33
f 18 3 19 34
f 19 20 36 35
f 20 21 37 36
f 21 22 38 37
f 22 23 39 38
f 23 24 40 39
f 24 25 41 40
f 25 26 42 41
f 26 27 43 42
f 27 28 44 43
f 28 29 45 44
f 29 30 46 45
f 30 31 47 46
f 31 32 48 47
f 32 33 49 48
f 33 34 50 49
f 34 19 35 50
f 35 36 52 51
f 36 37 53 52
f 37 38 54 53
f 38 39 55 54
f 39 40 56 55
f 40 41 57 56
f 41 42 58 57
f 42 43 59 58
f 43 44 60 59
f 44 45 61 60
f 45 46 62 61
f 46 47 63 62
f 47 48 64 63
f 48 49 65 64
f 49 50 66 65
f 50 35 51 66
f 51 52 68 67
f 52 53 69 68
f 53 54 70 69
f 54 55 71 70
f 55 56 72 71
f 56 57 73 72
f 57 58 74 73
f 58 59 75 74
f 59 60 76 75
f 60 61 77 76
f 61 62 78 77
f 62 63 79 78
f 63 64 80 79
f 64 65 81 80
f 65 66 82 81
f 66 51 67 82
f 67 68 84 83
f 68 69 85 84
f 69 70 86 85
f 70 71 87 86
f 71 72 88 87
f 72 73 89 88
f 73 74 90 89
f 74 75 91 90
f 75 76 92 91
f 76 77 93 92
f 77 78 94 93
f 78 79 95 94
f 79 80 96 95
f 80 81 97 96
f 81 82 98 97
f 82 67 83 98
f 83 84 100 99
f 84 85 101 100
f 85 86 102 101
f 86 87 103 102
f 87 88 104 103
f 88 89 105 104
f 89 90 106 105
f 90 91 107 106
f 91 92 108 107
f 92 93 109 108
f 93 94 110 109
f 94 95 111 110
f 95 96 112 111
f 96 97 113 112
f 97 98 114 113
f 98 83 99 114
f 99 100 116 115
f 100 101 117 116
f 101 102 118 117
f 102 103 119 118
f 103 104 120 119
f 104 105 121 120
f 105 106 122 121
f 106 107 123 122
f 107 108 124 123
f 108 109 125 124
f 109 110 126 125
f 110 111 127 126
f 111 112 128 127
f 112 113 129 128
f 113 114 130 129
f 114 99 115 130
f 1 4 3
f 2 115 116
f 1 5 4
f 2 116 117
f 1 6 5
f 2 117 118
f 1 7 6
f 2 118 119
f 1 8 7
f 2 119 120
f 1 9 8
f 2 120 121
f 1 10 9
f 2 121 122
f 1 11 10
f 2 122 123
f 1 12 11
f 2 123 124
f 1 13 12
f 2 124 125
f 1 14 13
f 2 125 126
f 1 15 14
f 2 126 127
f 1 16 15
f 2 127 128
f 1 17 16
f 2 128 129
f 1 18 17
f 2 129 130
f 1 3 18
f 2 130 115
